import roslib

roslib.load_manifest('robotiq_2f_gripper_control')
from robotiq_2f_gripper_control.msg import _Robotiq2FGripper_robot_output as outputMsg
from aruco import *
from tube_motor import motor
import threading
# 新松
# sys.path.append('gen_py')
# sys.path.append('lib')
# from DucoCobot import DucoCobot
from thrift import Thrift

# from thrift.transport import TSocket
# from thrift.transport import TTransport
# from thrift.protocol import TBinaryProtocol
# from gen_py.robot.ttypes import StateRobot, StateProgram, OperationMode, TaskState, Op

# # Connect!
# ip = '192.168.1.10'
# duco_cobot = DucoCobot(ip, 7003)
# duco_cobot.open()
# duco_cobot.power_on(True)
# duco_cobot.enable(True)
aruco = aruco()

stopheartthread = False

midpose = [1.6679942607879639, 0.13228817284107208, -1.5182205438613892, -0.1812257021665573,
           1.560260534286499, -0.630290687084198]


def hearthread_fun():
    duco_heartbeat = DucoCobot(ip, 7003)

    if duco_heartbeat.open() == 0:
        while not stopheartthread:
            duco_heartbeat.rpc_heartbeat()
            sleep(0.4)
        duco_heartbeat.close()


def robotiq(ACT, GTO, PR, ATR, SP, FR):
    """
    rACT: 复位:0,激活:1
    rGTO: 1
    rPR:  位置
    rATR: 0
    rSP:  速度
    rFR:  力
    """

    pub = rospy.Publisher('Robotiq2FGripperRobotOutput',
                          outputMsg.Robotiq2FGripper_robot_output, queue_size=1)
    command = outputMsg.Robotiq2FGripper_robot_output()
    for i in range(2):
        command = outputMsg.Robotiq2FGripper_robot_output()
        command.rACT = ACT
        command.rGTO = GTO
        command.rPR = PR
        command.rATR = ATR
        command.rSP = SP
        command.rFR = FR
        pub.publish(command)
        rospy.sleep(0.1)
    sleep(2)


def key(mid, key_open, force):
    ret = duco_cobot.movel(mid, 0.4, 0.2, 0, [], "", "", True)
    ret = duco_cobot.movel(key_open, 0.4, 0.2, 0, [], "", "", True)
    print("pose_key_open", ret)
    # 力控按键
    duco_cobot.fc_config([False, False, True, False, False, False], [0, 0, force, 0, 0, 0],
                         [1000, 1000, 2000, 57.29578, 57.29578, 57.29578],
                         [0.15, 0.15, 0.03, 1.047198, 1.047198, 1.047198], [0, 0, 0, 0, 0, 0], "default",
                         "default", 0)
    duco_cobot.fc_start()
    duco_cobot.fc_wait_pos([0, 0, 0.1, 0, 0, 0], [0, 0, 0.005, 0, 0, 0], False, 0, 5000)
    duco_cobot.fc_wait_vel([0, 0, 0, 0, 0, 0], [0, 0, 0, 0, 0, 0], False, 0, 5000)
    duco_cobot.fc_wait_ft([0, 0, force, 0, 0, 0], [0, 0, 2, 0, 0, 0], False, 1, 500000)
    duco_cobot.fc_wait_logic([0, 0, 1])
    duco_cobot.fc_move()
    duco_cobot.fc_stop()
    sleep(1)
    duco_cobot.fc_config([False, False, True, False, False, False], [0, 0, -force, 0, 0, 0],
                         [1000, 1000, 2000, 57.29578, 57.29578, 57.29578],
                         [0.15, 0.15, 0.03, 1.047198, 1.047198, 1.047198], [0, 0, 0, 0, 0, 0], "default",
                         "default", 0)
    duco_cobot.fc_start()
    duco_cobot.fc_wait_pos([0, 0, 0.03, 0, 0, 0], [0, 0, 0.01, 0, 0, 0], False, 0, 5000)
    duco_cobot.fc_wait_vel([0, 0, 0, 0, 0, 0], [0, 0, 0, 0, 0, 0], False, 0, 5000)
    duco_cobot.fc_wait_ft([0, 0, -force, 0, 0, 0], [0, 0, 2, 0, 0, 0], False, 1, 500000)
    duco_cobot.fc_wait_logic([1, 0, 2])
    duco_cobot.fc_move()
    duco_cobot.fc_stop()
    duco_cobot.movel(mid, 0.4, 0.2, 0, [], "", "", True)


def get_T(pose1, pose2):
    """
    获得过渡矩阵
    pose1:视觉定位点位姿
    pose2:目标点位姿
    返回 过渡矩阵T
    """
    pose1_T = T.rpy2T(pose1)  # 视觉定位点位姿
    pose2_T = T.rpy2T(pose2)  # 目标点位姿
    offset = np.dot(np.linalg.inv(pose1_T), pose2_T)
    # transition=T.T2rot(transition_T)
    return offset


def get_t(pose1, pose2_T):
    """
    相对于二维码的姿态
    pose1 视觉定位
    pose2 过渡矩阵
    返回 目标点pose
    """
    pose1_T = T.rpy2T(pose1)  # 视觉定位点位姿
    # pose2_T=T.rot2T(pose2)       #过渡矩阵
    transition_T = np.dot(pose1_T, pose2_T)
    pose = T.T2rpy(transition_T)
    return pose


def circle(axis, edge, theta):
    """
        函数功能,从A或B旋转一定的角度angle
        axis: 圆心轴的位姿
        edge:   A或B点
        angle:       旋转角度（/度）
        """

    goal2baselink = T.rpy2T(axis)  # 目标相对于基座的T
    eelink2baselink = T.rpy2T(edge)  # 当前位姿转换成T
    eelink2goal = np.dot(np.linalg.inv(goal2baselink), eelink2baselink)
    P, M = T.T2rpy_2(eelink2goal)  # 旋转平移矩阵
    radius = math.sqrt(math.pow(P[0], 2) + math.pow(P[1], 2))  # R
    angle = math.atan2(P[1], P[0])  # rad

    tran = [radius * math.cos(angle + theta), radius *
            math.sin(angle + theta), P[2]]
    euler = [M[0], M[1], M[2] + theta]
    eelink2goal = [tran[0], tran[1], tran[2], euler[0], euler[1], euler[2]]  # 转动后目标相对于基座的T
    eelink2goal = T.rpy2T(eelink2goal)
    target = np.dot(goal2baselink, eelink2goal)
    target = T.T2rpy(target)
    return target


class testtube(object):
    def __init__(self):
        # 离心机取放试管中间点
        self.tube_middleA_j = [1.6679942607879639, 0.13228817284107208, -1.5182205438613892, -0.1812257021665573,
                               1.560260534286499, -0.630290687084198]
        self.tube_middleB_j = [1.8543009757995605, -0.9173381924629211, -1.2019808292388916, 2.118163585662842,
                               -1.3160853385925293, 2.3607800006866455]
        self.tube_middleB_j1 = [1.7878724336624146, -0.264102041721344, -1.4782891273498535, 1.6719069480895996,
                                -0.03256284445524216, 2.3607442378997803]
        self.tube_middleB_j2 = [0.7730482816696167, 0.5933213233947754, -2.4068868160247803, 1.8143993616104126,
                                0.8782861828804016, 2.3542966842651367]
        # 从试管架取试管至离心机
        self.tube_getA1 = [-0.019964877516031265, -0.5754988193511963, 0.5015121102333069, -3.1415843963623047,
                           -9.538242011331022e-06, -3.14157772064209]
        self.tube_getA2 = [-0.08533627539873123, -0.5754979252815247, 0.5023555755615234, 3.1415882110595703,
                           -1.3000146282138303e-05, -3.1415750980377197]
        self.tube_getA3 = [-0.1502501666545868, -0.575501024723053, 0.5019562244415283, -3.1415867805480957,
                           -1.073271323548397e-05, -3.1415696144104004]
        self.tube_getA4 = [-0.019586972892284393, -0.6398314237594604, 0.5027056336402893, -3.141571521759033,
                           -1.261985471501248e-05, -3.141564130783081]
        self.tube_getB1 = [0.11972774565219879, -0.8744962215423584, 0.224714457988739, 1.5708364248275757,
                           1.4967412425903603e-05, -2.603595018386841]
        self.tube_getB2 = [0.054479941725730896, -0.8744994401931763, 0.2240978181362152, 1.570809245109558,
                           2.603209736662393e-07, -2.6035852432250977]
        self.tube_getB3 = [-0.01158121507614851, -0.8735242486000061, 0.22439850866794586, 1.570773959159851,
                           6.576499345101183e-06, -2.6048853397369385]
        # 从离心机取试管放至试管架
        self.tube_putA1 = [-0.01996312476694584, -0.5754976868629456, 0.6516258120536804, -3.141582727432251,
                           -1.2780274118995294e-05, -3.1415789127349854]
        self.tube_putA2 = [-0.08533278107643127, -0.5754991173744202, 0.65245521068573, 3.141589403152466,
                           -1.6222867998294532e-05, -3.1415767669677734]
        self.tube_putA3 = [-0.15025055408477783, -0.57550048828125, 0.6521590352058411, -3.1415858268737793,
                           -1.2663845154747833e-05, -3.141571283340454]
        self.tube_putA4 = [-0.019587069749832153, -0.6398272514343262, 0.6429442763328552, -3.1415536403656006,
                           -3.270020897616632e-05, -3.1415505409240723]
        self.tube_putB1 = [0.11972657591104507, -0.8744918704032898, 0.36496537923812866, 1.5708500146865845,
                           -3.1343593036581296e-06, -2.603590250015259]
        self.tube_putB2 = [0.05448080226778984, -0.8745008111000061, 0.36584997177124023, 1.5707937479019165,
                           5.335685727914097e-06, -2.603585720062256]
        self.tube_putB3 = [-0.011589700356125832, -0.8735164999961853, 0.34356293082237244, 1.5708290338516235,
                           -9.4243987405207e-06, -2.604895830154419]
        # 放盖（试管上）
        self.lid_putA1 = [-0.019687077030539513, -0.5766299366950989, 0.5387135148048401, -3.1415886878967285,
                          -3.997909516328946e-05, -3.1415398120880127]
        self.lid_putA2 = [-0.08533205837011337, -0.5767612457275391, 0.5631877779960632, 3.1415555477142334,
                          -3.843598096864298e-05, -3.1415507793426514]
        self.lid_putA3 = [-0.15025600790977478, -0.5762959122657776, 0.5623243451118469, 3.141587018966675,
                          -9.225173926097341e-06, 3.1415891647338867]
        self.lid_putB1 = [-0.019957304000854492, -0.6425226330757141, 0.5630006790161133, -3.141570806503296,
                          -1.454879566153977e-05, -3.141569137573242]
        self.lid_putB2 = [-0.08532851934432983, -0.6426718831062317, 0.5623757839202881, -3.1415839195251465,
                          -2.1270960132824257e-05, -3.141561508178711]
        self.lid_putB3 = [-0.15024584531784058, -0.6420934796333313, 0.5625747442245483, -3.1415863037109375,
                          -1.5198091205093078e-05, -3.141561985015869]
        # 取盖（试管上）
        self.lid_getA1 = [-0.01996023952960968, -0.5772994756698608, 0.5015154480934143, -3.14158296585083,
                          -1.4518182069878094e-05, -3.141566276550293]
        self.lid_getA2 = [-0.08533196896314621, -0.5767630934715271, 0.5023515224456787, 3.1415653228759766,
                          -2.342632615182083e-05, -3.1415634155273438]
        self.lid_getA3 = [-0.15026013553142548, -0.5762990713119507, 0.5014585852622986, -3.1415867805480957,
                          -8.023947884794325e-06, 3.1415767669677734]
        self.lid_getB1 = [-0.01995963416993618, -0.6425197124481201, 0.5020859241485596, -3.1415855884552,
                          -5.55909991817316e-06, -3.1415677070617676]
        self.lid_getB2 = [-0.08533016592264175, -0.6426683664321899, 0.501556396484375, 3.1415891647338867,
                          -2.283193498442415e-05, -3.141559362411499]
        self.lid_getB3 = [-0.15024349093437195, -0.6421019434928894, 0.5016224980354309, -3.1415746212005615,
                          -1.5055522453621961e-05, -3.1415483951568604]
        # 放盖（平台上）
        self.lid_middle_j = [2.1970736980438232, 0.1850786805152893, -1.890318751335144, 0.1344507783651352,
                             1.5681461095809937, -0.15728531777858734]
        # self.lid_put_A1 = [0.17644745111465454, -0.6427665948867798, 0.3580849766731262, -3.14157772064209,
        #                    7.498136710637482e-06, -3.141587257385254]
        # self.lid_put_A2 = [0.1759367436170578, -0.5772138237953186, 0.3529808223247528, -3.1415717601776123,
        #                    -1.3786975614493713e-06, 3.1415927410125732]
        # self.lid_put_A3 = [0.1759074479341507, -0.5123878717422485, 0.3462674021720886, -3.141591787338257,
        #                    -3.309639578219503e-05, 3.141589641571045]
        # self.lid_put_B1 = [0.24186427891254425, -0.642731249332428, 0.36565840244293213, -3.1415765285491943,
        #                    -1.5136298316065222e-05, -3.141591787338257]
        # self.lid_put_B2 = [0.24161803722381592, -0.577735424041748, 0.3494046628475189, -3.1415646076202393,
        #                    -8.734304174140561e-06, -3.1415889263153076]
        # self.lid_put_B3 = [0.24117670953273773, -0.5114811658859253, 0.3539354205131531, -3.141563653945923,
        #                    -6.808570105931722e-06, 3.1415908336639404]
        self.lid_put_A1 = [0.17644745111465454, -0.6427665948867798, 0.3380849766731262, -3.14157772064209,
                           7.498136710637482e-06, -3.141587257385254]
        self.lid_put_A2 = [0.1759367436170578, -0.5772138237953186, 0.3329808223247528, -3.1415717601776123,
                           -1.3786975614493713e-06, 3.1415927410125732]
        self.lid_put_A3 = [0.1759074479341507, -0.5123878717422485, 0.3362674021720886, -3.141591787338257,
                           -3.309639578219503e-05, 3.141589641571045]
        self.lid_put_B1 = [0.24186427891254425, -0.642731249332428, 0.33565840244293213, -3.1415765285491943,
                           -1.5136298316065222e-05, -3.141591787338257]
        self.lid_put_B2 = [0.24161803722381592, -0.577735424041748, 0.3394046628475189, -3.1415646076202393,
                           -8.734304174140561e-06, -3.1415889263153076]
        self.lid_put_B3 = [0.24117670953273773, -0.5114811658859253, 0.3339354205131531, -3.141563653945923,
                           -6.808570105931722e-06, 3.1415908336639404]
        # 取盖（平台上）
        self.lid_get_A1 = [0.17644771933555603, -0.6427622437477112, 0.3182399272918701, 3.1415696144104004,
                           -2.301438507856801e-05, -3.1415607929229736]
        self.lid_get_A2 = [0.17595918476581573, -0.5772243738174438, 0.3177379369735718, -3.141399621963501,
                           0.00012959253217559308, -3.1415703296661377]
        self.lid_get_A3 = [0.175916388630867, -0.5123937129974365, 0.31774404644966125, -3.1415116786956787,
                           3.979872417403385e-05, -3.1415882110595703]
        self.lid_get_B1 = [0.24187880754470825, -0.6427266597747803, 0.3180431127548218, -3.141503095626831,
                           4.682899088948034e-05, -3.1415581703186035]
        self.lid_get_B2 = [0.24161997437477112, -0.5777313113212585, 0.31811434030532837, -3.1415576934814453,
                           4.088248897460289e-05, -3.1415789127349854]
        self.lid_get_B3 = [0.24118617177009583, -0.5114812850952148, 0.3179091215133667, -3.1414153575897217,
                           0.00011468186130514368, -3.1415674686431885]

    def get_tubeA(self, putpose, getpose):
        """
        试管架上取试管放入离心机
        """
        duco_cobot.movej(self.tube_middleA_j, 40, 10, 0, True)
        robotiq(1, 1, 120, 0, 100, 1)
        duco_cobot.movel(putpose, 0.2, 0.2, 0, [], "", "", True)
        ret = duco_cobot.movel(getpose, 0.2, 0.2, 0, [], "", "", True)
        print("移动至试管", ret)
        robotiq(1, 1, 255, 0, 100, 200)
        duco_cobot.fc_config([False, False, True, False, False, False], [0, 0, 20, 0, 0, 0],
                             [1000, 1000, 1000, 57.29578, 57.29578, 57.29578],
                             [0.15, 0.15, 0.15, 1.047198, 1.047198, 1.047198], [0, 0, 0, 0, 0, 0], "default",
                             "default", 0)

        duco_cobot.fc_start()
        duco_cobot.fc_wait_pos([0, 0, 0.15, 0, 0, 0], [0, 0, 0.01, 0, 0, 0], False, 0, 500000)
        duco_cobot.fc_wait_vel([0, 0, 0, 0, 0, 0], [0, 0, 0, 0, 0, 0], False, 0, 5000)
        duco_cobot.fc_wait_ft([0, 0, 10, 0, 0, 0], [0, 0, 1, 0, 0, 0], False, 0, 500000)
        duco_cobot.fc_wait_logic([1, 0, 2])
        duco_cobot.fc_move()
        duco_cobot.fc_stop()
        print("forcemove stop")
        sleep(1)
        duco_cobot.movej(self.tube_middleA_j, 30, 20, 0, True)

    def get_tubeB(self, putpose, getpose):
        duco_cobot.movej(self.tube_middleB_j2, 30, 10, 0, True)
        duco_cobot.movej(self.tube_middleB_j1, 30, 10, 0, True)
        duco_cobot.movej(self.tube_middleB_j, 20, 10, 0, True)
        robotiq(1, 1, 120, 0, 100, 1)
        duco_cobot.movel(putpose, 0.2, 0.2, 0, [], "", "", True)
        ret = duco_cobot.movel(getpose, 0.2, 0.2, 0, [], "", "", True)
        print("移动至试管", ret)
        robotiq(1, 1, 255, 0, 100, 1)
        duco_cobot.fc_config([False, True, False, False, False, False], [0, -20, 0, 0, 0, 0],
                             [1000, 1000, 1000, 57.29578, 57.29578, 57.29578],
                             [0.15, 0.15, 0.15, 1.047198, 1.047198, 1.047198], [0, 0, 0, 0, 0, 0], "default",
                             "default", 0)

        duco_cobot.fc_start()
        duco_cobot.fc_wait_pos([0, 0, 0.15, 0, 0, 0], [0, 0, 0.01, 0, 0, 0], False, 0, 500000)
        duco_cobot.fc_wait_vel([0, 0, 0, 0, 0, 0], [0, 0, 0, 0, 0, 0], False, 0, 5000)
        duco_cobot.fc_wait_ft([0, -15, 0, 0, 0, 0], [0, 1, 0, 0, 0, 0], False, 0, 500000)
        duco_cobot.fc_wait_logic([1, 0, 2])
        duco_cobot.fc_move()
        duco_cobot.fc_stop()
        sleep(1)
        duco_cobot.movej(self.tube_middleB_j, 10, 10, 0, True)
        duco_cobot.movej(self.tube_middleB_j1, 30, 10, 0, True)
        duco_cobot.movej(self.tube_middleB_j2, 30, 10, 0, True)

    def put_tubeA(self, putpose):
        """离心机里取试管放在试管架上"""
        duco_cobot.movej(self.tube_middleA_j, 40, 20, 0, True)
        duco_cobot.movel(putpose, 0.2, 0.2, 0, [], "", "", True)
        duco_cobot.fc_config([False, False, True, False, False, False], [0, 0, -20, 0, 0, 0],
                             [1000, 1000, 1000, 57.29578, 57.29578, 57.29578],
                             [0.15, 0.15, 0.15, 1.047198, 1.047198, 1.047198], [0, 0, 0, 0, 0, 0], "default",
                             "default", 0)

        duco_cobot.fc_start()
        duco_cobot.fc_wait_pos([0, 0, -0.15, 0, 0, 0], [0, 0, 0.01, 0, 0, 0], False, 0, 500000)
        duco_cobot.fc_wait_vel([0, 0, 0, 0, 0, 0], [0, 0, 0, 0, 0, 0], False, 0, 5000)
        duco_cobot.fc_wait_ft([0, 0, -10, 0, 0, 0], [0, 0, 1, 0, 0, 0], False, 0, 500000)
        duco_cobot.fc_wait_logic([1, 0, 2])
        duco_cobot.fc_move()
        duco_cobot.fc_stop()
        print("forcemove stop")
        sleep(1)
        robotiq(1, 1, 120, 0, 100, 1)
        duco_cobot.movej(self.tube_middleA_j, 20, 10, 0, True)

    def put_tubeB(self, putpose):
        """离心机里取试管放在试管架上"""
        duco_cobot.movej(self.tube_middleB_j2, 30, 10, 0, True)
        duco_cobot.movej(self.tube_middleB_j1, 30, 10, 0, True)
        duco_cobot.movej(self.tube_middleB_j, 20, 10, 0, True)
        duco_cobot.movel(putpose, 0.2, 0.2, 0, [], "", "", True)
        duco_cobot.fc_config([False, True, False, False, False, False], [0, 20, 0, 0, 0, 0],
                             [1000, 1000, 1000, 57.29578, 57.29578, 57.29578],
                             [0.15, 0.15, 0.15, 1.047198, 1.047198, 1.047198], [0, 0, 0, 0, 0, 0], "default",
                             "default", 0)

        duco_cobot.fc_start()
        duco_cobot.fc_wait_pos([0, 0, -0.13, 0, 0, 0], [0, 0, 0.01, 0, 0, 0], False, 0, 500000)
        duco_cobot.fc_wait_vel([0, 0, 0, 0, 0, 0], [0, 0, 0, 0, 0, 0], False, 0, 5000)
        duco_cobot.fc_wait_ft([0, 10, 0, 0, 0, 0], [0, 1, 0, 0, 0, 0], False, 0, 500000)
        duco_cobot.fc_wait_logic([1, 0, 2])
        duco_cobot.fc_move()
        duco_cobot.fc_stop()
        print("forcemove stop")
        sleep(1)
        robotiq(1, 1, 120, 0, 100, 1)
        duco_cobot.movej(self.tube_middleB_j, 10, 10, 0, True)
        duco_cobot.movej(self.tube_middleB_j1, 20, 10, 0, True)
        duco_cobot.movej(self.tube_middleB_j2, 20, 10, 0, True)

    def lid_get(self, getlid, putlid, put_lid):
        """
        试管架上单个取试管盖
        """
        duco_cobot.movej(self.tube_middleA_j, 30, 10, 0, True)
        robotiq(1, 1, 120, 0, 200, 1)
        duco_cobot.movel(putlid, 0.3, 0.2, 0, [], "", "", True)
        duco_cobot.movel(getlid, 0.2, 0.2, 0, [], "", "", True)
        robotiq(1, 1, 255, 0, 100, 250)
        sleep(0.5)
        duco_cobot.fc_config([False, False, True, False, False, False], [0, 0, 60, 0, 0, 0],
                             [1000, 1000, 1000, 57.29578, 57.29578, 57.29578],
                             [0.15, 0.15, 0.15, 1.047198, 1.047198, 1.047198], [0, 0, 0, 0, 0, 0], "default",
                             "default", 0)

        duco_cobot.fc_start()
        duco_cobot.fc_wait_pos([0, 0, 0.07, 0, 0, 0], [0, 0, 0.01, 0, 0, 0], False, 0, 500000)
        duco_cobot.fc_wait_vel([0, 0, 0, 0, 0, 0], [0, 0, 0, 0, 0, 0], False, 0, 5000)
        duco_cobot.fc_wait_ft([0, 0, 100, 0, 0, 0], [0, 0, 5, 0, 0, 0], False, 0, 500000)
        duco_cobot.fc_wait_logic([1, 0, 2])
        duco_cobot.fc_move()
        duco_cobot.fc_stop()
        print("forcemove stop")
        sleep(1)
        motor.motor_position(0)

        duco_cobot.movej(self.lid_middle_j, 20, 10, 0, True)
        duco_cobot.movel(put_lid, 0.3, 0.2, 0, [], "", "", True)

        duco_cobot.fc_config([False, False, True, False, False, False], [0, 0, -20, 0, 0, 0],
                             [1000, 1000, 1000, 57.29578, 57.29578, 57.29578],
                             [0.15, 0.15, 0.15, 1.047198, 1.047198, 1.047198], [0, 0, 0, 0, 0, 0], "default",
                             "default", 0)

        duco_cobot.fc_start()
        duco_cobot.fc_wait_pos([0, 0, 0, 0, 0, 0], [0, 0, 0, 0, 0, 0], False, 0, 500000)
        duco_cobot.fc_wait_vel([0, 0, 0, 0, 0, 0], [0, 0, 0, 0, 0, 0], False, 0, 5000)
        duco_cobot.fc_wait_ft([0, 0, -10, 0, 0, 0], [0, 0, 1, 0, 0, 0], False, 0, 500000)
        duco_cobot.fc_wait_logic([0, 0, 1])
        duco_cobot.fc_move()
        duco_cobot.fc_stop()
        print("forcemove stop")
        sleep(1)
        # pose = duco_cobot.get_tcp_pose()
        # print("pose", pose)
        robotiq(1, 1, 120, 0, 100, 255)
        duco_cobot.movej(self.lid_middle_j, 20, 10, 0, True)

    def lid_put(self, putlid, put_lid, get_lid):
        """
         试管架上单个放试管盖
        """
        robotiq(1, 1, 120, 0, 100, 1)
        duco_cobot.movej(self.lid_middle_j, 30, 10, 0, True)
        duco_cobot.movel(put_lid, 0.3, 0.2, 0, [], "", "", True)
        duco_cobot.movel(get_lid, 0.3, 0.2, 0, [], "", "", True)
        robotiq(1, 1, 255, 0, 100, 200)
        # 力控夹起试管盖
        duco_cobot.fc_config([False, False, True, False, False, False], [0, 0, 20, 0, 0, 0],
                             [1000, 1000, 1000, 57.29578, 57.29578, 57.29578],
                             [0.15, 0.15, 0.15, 1.047198, 1.047198, 1.047198], [0, 0, 0, 0, 0, 0], "default",
                             "default", 0)
        duco_cobot.fc_start()
        duco_cobot.fc_wait_pos([0, 0, 0.02, 0, 0, 0], [0, 0, 0.005, 0, 0, 0], False, 0, 500000)
        duco_cobot.fc_wait_vel([0, 0, 0, 0, 0, 0], [0, 0, 0, 0, 0, 0], False, 0, 5000)
        duco_cobot.fc_wait_ft([0, 0, 0, 0, 0, 0], [0, 0, 0, 0, 0, 0], False, 0, 500000)
        duco_cobot.fc_wait_logic([1, 0, 0])
        duco_cobot.fc_move()
        duco_cobot.fc_stop()
        sleep(1)
        duco_cobot.movej(self.lid_middle_j, 20, 10, 0, True)
        duco_cobot.movel(putlid, 0.3, 0.2, 0, [], "", "", True)
        # 力控盖盖子
        duco_cobot.fc_config([False, False, True, False, False, False], [0, 0, -40, 0, 0, 0],
                             [1000, 1000, 1000, 57.29578, 57.29578, 57.29578],
                             [0.15, 0.15, 0.15, 1.047198, 1.047198, 1.047198], [0, 0, 0, 0, 0, 0], "default",
                             "default", 0)
        duco_cobot.fc_start()
        duco_cobot.fc_wait_pos([0, 0, 0, 0, 0, 0], [0, 0, 0, 0, 0, 0], False, 0, 500000)
        duco_cobot.fc_wait_vel([0, 0, 0, 0, 0, 0], [0, 0, 0, 0, 0, 0], False, 0, 5000)
        duco_cobot.fc_wait_ft([0, 0, -40, 0, 0, 0], [0, 0, 2, 0, 0, 0], False, 0, 500000)
        duco_cobot.fc_wait_logic([0, 0, 1])
        duco_cobot.fc_move()
        duco_cobot.fc_stop()
        sleep(1)
        robotiq(1, 1, 120, 0, 100, 1)
        duco_cobot.movel(putlid, 0.3, 0.2, 0, [], "", "", True)

    def lidget(self):
        """
         从试管架上取6个盖，放在平台上
         """
        motor.motor_position(8000)
        self.lid_get(self.lid_getA1, self.lid_putA1, self.lid_put_A1)
        # motor.motor_position(0)
        # self.lid_get(self.lid_getB1, self.lid_putB1, self.lid_put_B1)
        # self.lid_get(self.lid_getA2, self.lid_putA2, self.lid_put_A2)
        # self.lid_get(self.lid_getB2, self.lid_putB2, self.lid_put_B2)
        # self.lid_get(self.lid_getA3, self.lid_putA3, self.lid_put_A3)
        # self.lid_get(self.lid_getB3, self.lid_putB3, self.lid_put_B3)

        robotiq(1, 1, 250, 0, 100, 1)

    def lidput(self):
        """
        从平台上取6个盖，放到试管架的试管上
        """
        motor.motor_position(4000)
        # self.lid_put(self.lid_putA3, self.lid_put_A3, self.lid_get_A3)
        # self.lid_put(self.lid_putB3, self.lid_put_B3, self.lid_get_B3)
        # self.lid_put(self.lid_putA2, self.lid_put_A2, self.lid_get_A2)
        # self.lid_put(self.lid_putB2, self.lid_put_B2, self.lid_get_B2)
        self.lid_put(self.lid_putA1, self.lid_put_A1, self.lid_get_A1)
        # self.lid_put(self.lid_putB1, self.lid_put_B1, self.lid_get_B1)
        motor.motor_position(0)
        # 取样品结束合并夹爪
        robotiq(1, 1, 255, 0, 100, 50)


class getsample(object):
    def __init__(self):
        self.pose_aruco2_j = [0.9720103740692139, -0.5249746441841125, -1.7237380743026733, -0.8820751309394836,
                              -2.1653714179992676, -0.7871522307395935]
        self.getmid_j = [1.1011524200439453, -0.46504154801368713, -1.46921706199646, -1.2059367895126343,
                         -0.4831337630748749, -0.7895490527153015]
        # 取试管
        self.getA1 = [[0.66099531, -0.00486219, -0.75037428, -0.03455102],
                      [-0.00501881, 0.999928, -0.01090022, -0.04428101],
                      [0.75037325, 0.01097097, 0.66092332, -0.01261289],
                      [0., 0., 0., 1.]]
        self.getA2 = [[0.66099894, -0.00485646, -0.75037112, -0.09963392],
                      [-0.00498823, 0.99992852, -0.01086573, -0.04578365],
                      [0.75037026, 0.01092526, 0.66092747, -0.01475848],
                      [0., 0., 0., 1.]]
        self.getB1 = [[0.66101055, -0.00484911, -0.75036094, -0.03508083],
                      [-0.00498511, 0.99992867, -0.01085341, -0.04489139],
                      [0.75036005, 0.01091485, 0.66093923, 0.0507833],
                      [0., 0., 0., 1.]]
        self.getB2 = [[0.34890099, -0.00611464, -0.93713964, -0.05501976],
                      [-0.00862115, 0.99991546, -0.00973393, -0.04441568],
                      [0.93711994, 0.0114754, 0.34881877, 0.12656609],
                      [0., 0., 0., 1.]]
        self.getC1 = [[0.39278735, -0.00587307, -0.91961057, 0.00516232],
                      [-0.00816063, 0.99991798, -0.00987155, -0.04390019],
                      [0.91959312, 0.01138202, 0.39270721, 0.18246029],
                      [0., 0., 0., 1.]]
        self.getC2 = [[0.39279172, -0.0058748, -0.9196087, -0.05977224],
                      [-0.00815618, 0.99991801, -0.00987158, -0.0466197],
                      [0.91959129, 0.01137797, 0.3927116, 0.18114367],
                      [0., 0., 0., 1.]]
        # 取试管上方
        self.getA1_up = []
        self.getA2_up = []
        self.getB1_up = []
        self.getB2_up = []
        self.getC1_up = []
        self.getC2_up = []
        # 放试管
        self.putA1 = [2.129542589187622, -0.2900838553905487, -1.8259155750274658, -1.0307035446166992,
                      0.5708668231964111, -0.7793264985084534]
        self.putA2 = [2.1868512630462646, -0.19653499126434326, -1.9493170976638794, -0.9999040365219116,
                      0.628103494644165, -0.780249297618866]
        self.putB1 = [2.2706329822540283, -0.23458491265773773, -1.900864839553833, -1.0097311735153198,
                      0.7118732333183289, -0.7806088328361511]
        self.putB2 = [2.2085306644439697, -0.3235797584056854, -1.7809627056121826, -1.0414294004440308,
                      0.6497829556465149, -0.7798538208007812]
        self.putC1 = [2.2812390327453613, -0.36456581950187683, -1.7228271961212158, -1.058099389076233,
                      0.7225032448768616, -0.780165433883667]
        self.putC2 = [2.3439643383026123, -0.2811316251754761, -1.8383551836013794, -1.0252866744995117,
                      0.7851687669754028, -0.7808245420455933]
        self.pose_aruco2 = []

    def point(self):
        print("开始取样品操作")
        robotiq(1, 1, 255, 0, 100, 50)
        motor.motor_position(-2000)
        # 识别aruco
        rospy.set_param("/aruco_single/marker_size", 0.130)
        duco_cobot.movej(self.pose_aruco2_j, 40, 20, 0, True)
        sleep(0.5)
        aruco.mark()
        rospy.set_param("/aruco_single/marker_size", 0.150)
        # 计算示教点
        self.pose_aruco2 = duco_cobot.get_tcp_pose()
        self.getA1 = get_t(self.pose_aruco2, self.getA1)
        self.getA2 = get_t(self.pose_aruco2, self.getA2)
        self.getB1 = get_t(self.pose_aruco2, self.getB1)
        self.getB2 = get_t(self.pose_aruco2, self.getB2)
        self.getC1 = get_t(self.pose_aruco2, self.getC1)
        self.getC2 = get_t(self.pose_aruco2, self.getC2)

        self.getA1_up = self.getA1.copy()
        self.getA2_up = self.getA2.copy()
        self.getB1_up = self.getB1.copy()
        self.getB2_up = self.getB2.copy()
        self.getC1_up = self.getC1.copy()
        self.getC2_up = self.getC2.copy()
        self.getA1_up[2] += 0.15
        self.getA2_up[2] += 0.15
        self.getB1_up[2] += 0.15
        self.getB2_up[2] += 0.15
        self.getC1_up[2] += 0.15
        self.getC2_up[2] += 0.15

    def get(self, getpose_up, getpose, putpose_j, num):
        if num:
            duco_cobot.movej(self.getmid_j, 20, 10, 0, True)
        # 移动至待夹取的试管
        duco_cobot.movel(getpose_up, 0.2, 0.2, 0, [], "", "", True)
        robotiq(1, 1, 145, 0, 100, 70)
        duco_cobot.movel(getpose, 0.2, 0.2, 0, [], "", "", True)
        robotiq(1, 1, 250, 0, 100, 70)
        # 力控夹起试管
        duco_cobot.fc_config([True, True, True, False, False, False], [0, -20, 0, 0, 0, 0],
                             [2000, 2000, 2000, 57.29578, 57.29578, 57.29578],
                             [0.15, 0.15, 0.15, 1.047198, 1.047198, 1.047198], [0, 0, 0, 0, 0, 0], "default",
                             "default", 0)
        duco_cobot.fc_start()
        duco_cobot.fc_wait_pos([0, 0, 0.11, 0, 0, 0], [0, 0, 0.01, 0, 0, 0], False, 0, 500000)
        duco_cobot.fc_wait_vel([0, 0, 0, 0, 0, 0], [0, 0, 0, 0, 0, 0], False, 0, 5000)
        duco_cobot.fc_wait_ft([0, -20, 0, 0, 0, 0], [0, -2, 0, 0, 0, 0], False, 0, 500000)
        duco_cobot.fc_wait_logic([1, 0, 2])
        duco_cobot.fc_move()
        duco_cobot.fc_stop()
        sleep(1)
        # 移动至中间点
        duco_cobot.movej(self.getmid_j, 30, 10, 0, True)
        # 把试管放到试管架上
        duco_cobot.movej(putpose_j, 30, 10, 0, True)
        # 力控将试管放入试管架
        duco_cobot.fc_config([False, True, False, False, False, False], [0, 20, 0, 0, 0, 0],
                             [1000, 1000, 1000, 57.29578, 57.29578, 57.29578],
                             [0.15, 0.15, 0.15, 1.047198, 1.047198, 1.047198], [0, 0, 0, 0, 0, 0], "default",
                             "default", 0)
        duco_cobot.fc_start()
        duco_cobot.fc_wait_pos([0, 0, -0.133, 0, 0, 0], [0, 0, 0.01, 0, 0, 0], False, 0, 500000)
        duco_cobot.fc_wait_vel([0, 0, 0, 0, 0, 0], [0, 0, 0, 0, 0, 0], False, 0, 5000)
        duco_cobot.fc_wait_ft([0, 20, 0, 0, 0, 0], [0, 0, 0, 0, 0, 0], False, 0, 500000)
        duco_cobot.fc_wait_logic([1, 0, 2])
        duco_cobot.fc_move()
        duco_cobot.fc_stop()
        sleep(1)
        robotiq(1, 1, 150, 0, 100, 50)
        duco_cobot.movej(putpose_j, 30, 10, 0, True)

    def get_tube(self):
        # 测试版
        self.get(self.getA1_up, self.getA1, self.putC2, 0)
        # 正式版
        # self.get(self.getA1_up, self.getA1, self.putA1, 0)
        # self.get(self.getA2_up, self.getA2, self.putA2, 1)
        # self.get(self.getB1_up, self.getB1, self.putB1, 1)
        # self.get(self.getB2_up, self.getB2, self.putB2, 1)
        # self.get(self.getC1_up, self.getC1, self.putC1, 1)
        # self.get(self.getC2_up, self.getC2, self.putC2, 1)
        duco_cobot.movej(midpose, 30, 10, 0, True)

    def defult(self):
        self.pose_aruco2_j = [0.9720103740692139, -0.5249746441841125, -1.7237380743026733, -0.8820751309394836,
                              -2.1653714179992676, -0.7871522307395935]
        self.getmid_j = [1.1011524200439453, -0.46504154801368713, -1.46921706199646, -1.2059367895126343,
                         -0.4831337630748749, -0.7895490527153015]
        # 取试管
        self.getA1 = [[0.66102145, -0.00486366, -0.75035124, -0.03326121],
                      [-0.00498256, 0.9999285, -0.01087077, -0.04433019],
                      [0.75035046, 0.01092448, 0.66094995, -0.01347388],
                      [0., 0., 0., 1.]]
        self.getA2 = [[0.66099894, -0.00485646, -0.75037112, -0.09963392],
                      [-0.00498823, 0.99992852, -0.01086573, -0.04578365],
                      [0.75037026, 0.01092526, 0.66092747, -0.01475848],
                      [0., 0., 0., 1.]]
        self.getB1 = [[0.66101055, -0.00484911, -0.75036094, -0.03508083],
                      [-0.00498511, 0.99992867, -0.01085341, -0.04489139],
                      [0.75036005, 0.01091485, 0.66093923, 0.0507833],
                      [0., 0., 0., 1.]]
        self.getB2 = [[0.34890099, -0.00611464, -0.93713964, -0.05501976],
                      [-0.00862115, 0.99991546, -0.00973393, -0.04441568],
                      [0.93711994, 0.0114754, 0.34881877, 0.12656609],
                      [0., 0., 0., 1.]]
        self.getC1 = [[0.39278735, -0.00587307, -0.91961057, 0.00516232],
                      [-0.00816063, 0.99991798, -0.00987155, -0.04390019],
                      [0.91959312, 0.01138202, 0.39270721, 0.18246029],
                      [0., 0., 0., 1.]]
        self.getC2 = [[0.39279172, -0.0058748, -0.9196087, -0.05977224],
                      [-0.00815618, 0.99991801, -0.00987158, -0.0466197],
                      [0.91959129, 0.01137797, 0.3927116, 0.18114367],
                      [0., 0., 0., 1.]]
        # 取试管上方
        self.getA1_up = []
        self.getA2_up = []
        self.getB1_up = []
        self.getB2_up = []
        self.getC1_up = []
        self.getC2_up = []
        # 放试管
        self.putA1 = [2.129542589187622, -0.2900838553905487, -1.8259155750274658, -1.0307035446166992,
                      0.5708668231964111, -0.7793264985084534]
        self.putA2 = [2.1868512630462646, -0.19653499126434326, -1.9493170976638794, -0.9999040365219116,
                      0.628103494644165, -0.780249297618866]
        self.putB1 = [2.2706329822540283, -0.23458491265773773, -1.900864839553833, -1.0097311735153198,
                      0.7118732333183289, -0.7806088328361511]
        self.putB2 = [2.2085306644439697, -0.3235797584056854, -1.7809627056121826, -1.0414294004440308,
                      0.6497829556465149, -0.7798538208007812]
        self.putC1 = [2.2812390327453613, -0.36456581950187683, -1.7228271961212158, -1.058099389076233,
                      0.7225032448768616, -0.780165433883667]
        self.putC2 = [2.3486382961273193, -0.279825359582901, -1.8410875797271729, -1.023848533630371,
                      0.7898545861244202, -0.7808604836463928]
        self.pose_aruco2 = []


class centrifuge(object):
    def __init__(self):
        # 旋转矩阵
        self.key_mid = np.array([[0.88812738, -0.45794297, -0.03896145, 0.06287588],
                                 [0.41193665, 0.83075479, -0.37437238, 0.22213659],
                                 [0.20380861, 0.31644071, 0.92645957, 0.04626311],
                                 [0, 0, 0, 1]])  # 开盖
        self.key_open = np.array([[0.88826375, -0.45770228, -0.0386799, 0.06150703],
                                  [0.41176459, 0.83076436, -0.37454038, 0.18800396],
                                  [0.20356187, 0.31676363, 0.92640346, 0.12834574],
                                  [0., 0., 0., 1.]])
        self.key_start = np.array([])  # 启动离心机
        self.axis = np.array([[0.00521612, - 0.9999716, - 0.00543908, - 0.09862462],
                              [0.99987261, 0.0051334, 0.01511309, - 0.17843551],
                              [-0.01508474, - 0.00551722, 0.999871, 0.13328981],
                              [0., 0., 0., 1.]])  # 转子轴心

        # 取试管点
        self.getA1 = [[0.54681881, -0.72902678, 0.41171488, -0.2117069],
                      [0.83680231, 0.49197752, -0.2402499, -0.10816282],
                      [-0.02740585, 0.47589713, 0.87907385, 0.09669075],
                      [0., 0., 0., 1.]]
        self.getA2 = [[0.98422844, -0.17686438, 0.00365717, -0.09989824],
                      [0.15307185, 0.84109892, -0.51876933, -0.03113121],
                      [0.08867577, 0.51114733, 0.85490643, 0.10509282],
                      [0., 0., 0., 1.]]
        self.getA3 = [[0.43028277, 0.78788146, -0.4405673, 0.02186218],
                      [-0.90173569, 0.35267199, -0.24999044, -0.10778585],
                      [-0.04158708, 0.50484184, 0.86220951, 0.1029053],
                      [0., 0., 0., 1.]]
        self.getB1 = [[-5.14426537e-01, -4.53653699e-01, -7.27711248e-01, 1.98808449e-01],
                      [8.57032445e-01, -3.01015889e-01, -4.18192328e-01, -8.39373094e-04],
                      [-2.93381517e-02, -8.38801381e-01, 5.43646500e-01, 1.85040799e-01],
                      [0.00000000e+00, 0.00000000e+00, 0.00000000e+00, 1.00000000e+00]]
        self.getB2 = [[-9.99939975e-01, 6.07346561e-04, -1.09397501e-02, -9.68663093e-02],
                      [9.03484613e-03, -5.19134804e-01, -8.54644620e-01, 1.78197944e-01],
                      [-6.19827048e-03, -8.54692159e-01, 5.19098155e-01, 1.93464804e-01],
                      [0.00000000e+00, 0.00000000e+00, 0.00000000e+00, 1.00000000e+00]]
        self.getB3 = [[-0.43805703, 0.48811838, 0.75488177, -0.41103515],
                      [-0.89888767, -0.2475069, -0.36158165, -0.02345966],
                      [0.0103438, -0.8369473, 0.54718574, 0.18644897],
                      [0., 0., 0., 1.]]
        # 放试管点
        self.putA1 = [[0.54682881, -0.72902992, 0.41169603, -0.25349789],
                      [0.83679598, 0.49198788, -0.24025072, -0.08377766],
                      [-0.0273995, 0.4758816, 0.87908246, 0.00746794],
                      [0., 0., 0., 1.]]
        self.putA2 = [[0.98422265, -0.1768969, 0.00364037, -0.1002888],
                      [0.15308461, 0.84105825, -0.5188315, 0.02665626],
                      [0.08871792, 0.511203, 0.85486877, 0.00987585],
                      [0., 0., 0., 1.]]
        self.putA3 = [[0.43029389, 0.78786976, -0.44057736, 0.07009138],
                      [-0.90173077, 0.35268222, -0.24999375, -0.08042695],
                      [-0.04157871, 0.50485295, 0.8622034, 0.00853321],
                      [0., 0., 0., 1.]]
        self.putB1 = [[-0.51442255, -0.45366181, -0.72770901, 0.05361048],
                      [0.85703541, -0.30100133, -0.41819674, -0.09071073],
                      [-0.02932149, -0.83880222, 0.5436461, 0.10548989],
                      [0., 0., 0., 1.]]
        self.putB2 = [[-9.99939483e-01, 5.93995552e-04, -1.09853431e-02, -9.79013150e-02],
                      [9.08031159e-03, -5.19194416e-01, -8.54607926e-01, 1.18587039e-02],
                      [-6.21116208e-03, -8.54655957e-01, 5.19157602e-01, 1.12345144e-01],
                      [0.00000000e+00, 0.00000000e+00, 0.00000000e+00, 1.00000000e+00]]
        self.putB3 = [[-0.43806353, 0.48807144, 0.75490835, -0.25783287],
                      [-0.89888309, -0.24760279, -0.36152739, -0.09902313],
                      [0.01046622, -0.83694631, 0.54718491, 0.10802555],
                      [0., 0., 0., 1.]]

        # 中间点
        self.put_middleA = []
        self.get_middleA = []
        self.get_middleB = []
        self.put_middleB = np.array([[-0.99842942, -0.01541606, -0.05386133, -0.10597664],
                                     [0.05410575, -0.01590283, -0.99840857, 0.18961635],
                                     [0.01453498, -0.99975469, 0.01671195, 0.07029574],
                                     [0., 0., 0., 1.]])
        # 关门点
        self.close_door0 = [[0.9999243, -0.0049054, 0.01128388, -0.14780709],
                            [0.01054562, 0.81413732, -0.58057662, 0.01879157],
